rowLabel	time(s)	intensity	nformants	F1(Hz)	F2(Hz)	F3(Hz)	F4(Hz)	F5(Hz)
?	0.03	3e-06	5	246.98	1256.64	2751.67	3690.76	4642.09
?	0.03	8e-06	5	235.14	981.72	2590.34	3740.54	4654.3
?	0.04	8e-06	5	242.16	970.69	2570.58	3596.39	4666.4
?	0.04	2e-05	5	195.58	858.32	3018.88	3661.25	4475.34
?	0.05	3e-05	4	169.55	859.75	2965.29	4403.33	--undefined--
?	0.06	3e-05	5	169.26	824.99	2419.19	3040.61	4459.94
?	0.06	3e-05	5	178.5	901.76	2819.04	3338.2	4353.29
?	0.07	4e-05	4	183.36	1132.16	2797.1	3988.25	--undefined--
?	0.08	4e-05	4	172.75	1076.82	2826.66	4019.48	--undefined--
?	0.08	5e-05	4	162.11	1032.29	2802.86	4067.91	--undefined--
?	0.09	5e-05	5	157.34	941.35	2787.34	2796.61	4328.54
?	0.09	5e-05	5	155.03	811.68	2666.02	3299.63	4276.03
?	0.1	5e-05	5	151.94	711.9	2633.74	3967.43	4044.46
?	0.11	5e-05	5	151.24	716.76	2681.63	3617	4126.68
?	0.11	5e-05	5	144.81	894.2	2832.75	2885.62	4426.96
?	0.12	5e-05	5	139.85	901.88	2846.04	3606.53	4400.34
?	0.13	5e-05	5	136.47	879.42	2824.89	3614.6	4374.43
?	0.13	5e-05	5	140.16	727.32	2444.56	3583.61	4410.38
?	0.14	5e-05	5	134.23	931.04	2452.88	3501.1	4370.34
?	0.14	3e-05	5	139.39	880.07	2474.53	3437.5	4374.91
?	0.15	2e-05	5	145.7	874.79	2303.26	3405.82	4453.19
?	0.16	1e-05	5	160.86	782.33	2445.06	3383.58	4446.5
?	0.16	1e-05	5	167.29	997.06	2554.16	3516.35	4509.34
?	0.17	1e-05	5	179.78	1040.87	2537.07	3549.05	4505.73
?	0.18	1e-05	5	204.91	1051.4	2456.43	3545.85	4524.56
?	0.18	1e-05	5	235.5	1070.26	2414.95	3630.85	4569.53
?	0.19	1e-05	5	222.75	1123.28	2506.75	3733.07	4596.03
?	0.19	1e-05	4	205.4	2208.72	2934.54	4045.7	--undefined--
?	0.2	1e-05	4	198.43	2030.25	3134.62	4218.38	--undefined--
?	0.21	1e-05	5	173.59	1553.02	2182.64	3361.41	4467.04
?	0.21	1e-05	5	190	415.8	2441.14	3384.34	4406.73
?	0.22	6e-06	4	185.67	2355.89	3198.93	4355.88	--undefined--
?	0.23	3e-06	4	187.6	2275.06	3147.06	4264.86	--undefined--
?	0.23	3e-06	4	181.72	2326.16	3481.12	4182.81	--undefined--
?	0.24	3e-06	5	183.13	1598.74	2555.09	3540.31	4540.19
?	0.24	1e-06	5	185.59	1700.77	2758.75	3193.73	4507.94
?	0.25	1e-06	5	167.08	1665.28	2571.54	3285.03	4552.48
?	0.26	2e-06	5	170.27	1648.61	2635.56	3466.72	4465.8
?	0.26	4e-06	5	167.76	1627.2	2503.55	3534.64	4448.07
?	0.27	0.001	5	179.7	2111.95	2239.12	3347.77	4427.24
?	0.28	0.002	5	206.6	1457.98	2992.28	3393.07	4535.88
?	0.28	0.006	5	209.08	1701.43	2972.05	3450.82	4619.63
?	0.29	0.006	5	326.54	1667.2	2989.84	3569.08	4598.24
?	0.29	0.02	5	374.22	1587.42	2945.12	3581.58	4549.09
?	0.3	0.02	5	415.78	1598.06	2734.17	3646.43	4457.43
?	0.31	0.02	5	449.43	1611.15	2705.01	3658.26	4282.64
?	0.31	0.05	5	493.53	1607.89	2666.94	3887.16	4476.2
?	0.32	0.15	5	550.84	1591.9	2669.32	3966.24	4607.6
?	0.33	0.15	5	566.3	1570.69	2664.26	4006.42	4621.45
?	0.33	0.15	5	594.09	1536.96	2678.14	4052.43	4581.15
?	0.34	0.16	5	617.5	1523.06	2700.7	4105.44	4632.01
?	0.34	0.16	5	617.95	1507.31	2679.02	4083.77	4688.32
?	0.35	0.16	5	620.97	1490.63	2648.66	4036.06	4706.38
?	0.36	0.16	5	623.89	1457.52	2628.21	4000.89	4703.52
?	0.36	0.16	5	628.94	1437.19	2618.37	3996.29	4698.62
?	0.37	0.16	5	632.39	1414.81	2621.21	3985	4695.72
?	0.38	0.16	5	642.19	1376.42	2617.93	3922.93	4656.76
?	0.38	0.16	5	665.38	1368.29	2579.49	3805.74	4663.85
?	0.39	0.16	5	669.09	1347.79	2588.52	3818.3	4672.66
?	0.39	0.16	5	667.63	1321.09	2618.78	3904.07	4705.31
?	0.4	0.13	5	664.87	1308.03	2597.38	3878.53	4706.41
?	0.41	0.16	5	671.95	1281.38	2588.19	3875.35	4711.13
?	0.41	0.16	5	696.74	1227.08	2551.45	3856.86	4663.8
?	0.42	0.16	5	725.72	1209.29	2541.59	3890.19	4602.92
?	0.43	0.16	5	760.1	1202.8	2582.44	3923.45	4613.17
?	0.43	0.22	5	776.61	1170.79	2603.72	3895.22	4651.88
?	0.44	0.23	5	760.88	1155.1	2606.05	3851.84	4649.56
?	0.44	0.23	5	743.61	1133.75	2517.12	3834.08	4639.97
?	0.45	0.23	5	790.14	1141.81	2504.43	3851.83	4625.52
?	0.46	0.23	5	795.64	1142.33	2510.66	3877.12	4661.89
?	0.46	0.23	5	781.29	1120.53	2456	3887.97	4652.4
?	0.47	0.23	5	795.72	1102.19	2348.57	3859.31	4588.31
?	0.48	0.23	5	806.46	1105.97	2363.59	3905.01	4634.85
?	0.48	0.23	5	767.13	1150.47	2402.83	3908.39	4658.67
?	0.49	0.17	5	752.17	1165.18	2392.57	3872.03	4656.57
?	0.49	0.17	5	743.4	1186.68	2321.84	3896.89	4636.78
?	0.5	0.17	5	701.3	1213.62	2316.56	3911.38	4599.62
?	0.51	0.17	5	701.74	1203.19	2328.36	3911.99	4588.14
?	0.51	0.15	5	709.35	1210.93	2332.2	3979.39	4571.83
?	0.52	0.14	5	720.55	1181.08	2294.45	4007.16	4566.42
?	0.53	0.14	5	686.51	1138.03	2229.46	4009.87	4547.01
?	0.53	0.14	5	673.74	1145.57	2218.52	4029.79	4523.98
?	0.54	0.08	5	651.11	1129.2	2210.19	4035.94	4491.15
?	0.54	0.08	5	607.25	1122.9	2153.24	3933.71	4490.25
?	0.55	0.05	5	607.75	1132.49	2026.34	4099.44	4405.99
?	0.56	0.03	5	630.02	1157.27	2246.46	4275.71	4345.86
?	0.56	0.02	5	594.62	1147.43	2313.88	4227.29	4355.9
?	0.57	0.006	5	588.16	1057.14	2316.02	3847.51	4479.68
?	0.58	0.003	5	586.72	1046.91	2261.46	3857.08	4377.24
?	0.58	0.002	5	566.03	1017.83	2271.17	4278.95	4342.51
?	0.59	0.002	5	467.29	1072.22	2267.49	4243.03	4785.89
?	0.59	0.002	5	404.8	1131.87	2300.44	4180.31	4576.64
?	0.6	0.002	4	422.29	1101	2319.56	4272.1	--undefined--
?	0.61	0.0006	5	326.05	1059.29	2274.18	3647.78	4395.81
?	0.61	0.0006	5	315.95	1099.76	2076.57	3357.23	4571.81
?	0.62	0.0005	5	317.03	1128.28	1974.59	3711.28	4660.13
?	0.63	0.0003	5	413.68	1087.27	1840.48	3766.38	4534.76
?	0.63	0.0002	4	684.05	1101.81	2752.66	4255.54	--undefined--
?	0.64	0.0001	5	370.08	1006.4	2526.91	2895.82	4150.85
?	0.64	9e-05	5	433.96	1098.45	2378.58	3369.8	4298.53
?	0.65	9e-05	5	401.9	1113.2	2542.84	3069.86	4410.67
?	0.66	4e-05	5	414.27	1061.02	2332.22	2946.54	4514.04
?	0.66	3e-05	5	370.63	950.64	2656.13	3330.92	4734.55
?	0.67	3e-05	5	324.47	965.71	2764.68	3665.45	4713.23
?	0.68	3e-05	5	242.25	958.56	2684.08	3553.8	4595.45
?	0.68	3e-05	5	250.78	930.81	2704.06	3718.58	4452.21
?	0.69	0.0002	5	318.3	1061.33	2810.89	3728.82	4519.58
?	0.69	0.0002	5	310.92	1243.31	3028.87	3834.21	4472.05
?	0.7	0.0002	4	1130.29	2983.44	3979.79	4743.81	--undefined--
?	0.71	0.0002	5	543.23	1397.5	2861.12	4141.81	4770.4
?	0.71	0.0002	5	340.07	2053.14	3253.78	4230.74	4787.06
?	0.72	0.0002	4	1161.31	2888.38	4141.83	4762.42	--undefined--
?	0.73	0.0002	4	1149.36	2678.88	3699.49	4684.86	--undefined--
?	0.73	0.004	5	773.32	1306.39	2496.73	3554.61	4668.66
?	0.74	0.004	5	657.78	1436.43	2394.71	3475.69	4503.72
?	0.74	0.004	5	1150.85	1284.29	1510.23	3169.7	4470.51
?	0.75	0.01	4	1305.89	1523.63	3065.95	4457.9	--undefined--
?	0.76	0.01	4	1331.94	1516.98	3053.1	4452.41	--undefined--
?	0.76	0.01	5	1283.72	1418.91	1520.82	3130.82	4450.56
?	0.77	0.01	5	334.78	1527.28	1832.85	3205.47	4523.64
?	0.78	0.01	5	230.37	1533.04	1843.58	3124.72	4503.38
?	0.78	0.01	5	712.19	1530.96	2389.47	2978.25	4506.44
?	0.79	0.01	5	772.51	1528.67	2284.19	2980.12	4520.29
?	0.79	0.01	5	1014.34	1539.62	2454.16	3301.76	4466.7
?	0.8	0.007	4	1445.31	1573.7	3055.3	4473.22	--undefined--
?	0.81	0.004	4	1441.09	1569.55	3172.82	4537.06	--undefined--
?	0.81	0.0006	4	1526.66	1619.9	3248.98	4564.44	--undefined--
?	0.82	0.0006	5	1338.18	1545.59	2132.31	3266.49	4580.26
?	0.83	0.0006	5	952.8	1518.36	2599.99	3038.25	4559.3
?	0.83	0.001	5	779.56	1542.02	2767.78	3198.94	4549.74
?	0.84	0.002	5	850.19	1561.4	2729.23	3821.04	4520.8
?	0.84	0.002	5	922.56	1569.68	2859.34	3856.1	4433.54
?	0.85	0.002	4	992.21	1643.1	2993.06	4436.45	--undefined--
?	0.86	0.002	4	992.07	1640.13	2957.78	4480.92	--undefined--
?	0.86	0.002	5	1029.26	1633.02	2979.98	4448.14	4836.76
?	0.87	0.002	5	965.39	1654.62	2892.8	4140.38	4513.74
?	0.88	0.002	5	947.8	1668.79	3023.33	4066.91	4467.62
?	0.88	0.002	5	757.38	1637.02	3016.45	3631.4	4555.24
?	0.89	0.0005	5	699.32	1607.31	2636.05	3740.29	4616.05
?	0.89	0.0004	4	1569.89	2247.65	3244.73	4562.76	--undefined--
?	0.9	0.0004	5	839.62	1638.8	2879.58	3683.56	4545.28
