rowLabel	time(s)	intensity	nformants	F1(Hz)	F2(Hz)	F3(Hz)	F4(Hz)	F5(Hz)
?	0.03	1e-06	5	202.47	912.48	2692.44	3964.3	4777.4
?	0.03	1e-06	4	595.69	1077.1	2903.92	4326.78	--undefined--
?	0.04	1e-06	5	166.87	730.05	2907.54	4058.39	4634.87
?	0.05	2e-06	5	185.87	908.13	2818.77	3834.62	5125.58
?	0.05	2e-06	4	175.75	887.09	2691.59	3962.81	--undefined--
?	0.06	2e-06	4	167.52	813.14	2733.66	4134.23	--undefined--
?	0.06	2e-06	4	163.32	732.96	2827.56	4040.93	--undefined--
?	0.07	2e-06	5	154.28	708.07	2690.48	3762.2	5101.25
?	0.08	2e-06	4	145.21	805.82	2789.35	4004.26	--undefined--
?	0.08	2e-06	4	139.44	907.25	2849.99	4166.34	--undefined--
?	0.09	2e-06	4	138.55	982.86	2931.14	4003.3	--undefined--
?	0.1	1e-06	5	134.04	1017.23	2958.95	3943.34	4963.57
?	0.1	1e-06	4	140.93	2194.82	3238.3	4300.36	--undefined--
?	0.11	8e-07	4	158.36	2407.3	3325.64	4052.45	--undefined--
?	0.11	3e-07	4	180.45	2171.08	3330.21	4312.07	--undefined--
?	0.12	3e-07	4	190.41	2288.14	3281.12	4385.86	--undefined--
?	0.13	3e-07	4	173.36	2467	3696.35	3909.96	--undefined--
?	0.13	3e-07	4	159.34	2275.66	3386.23	4195.2	--undefined--
?	0.14	3e-07	4	148.83	2310.75	3529.22	4281.09	--undefined--
?	0.15	3e-07	4	150	2253.28	3512.49	4344.19	--undefined--
?	0.15	3e-07	4	148.09	2182.63	3473.39	4308.53	--undefined--
?	0.16	1e-07	4	145.29	1981.18	3278.08	4399.56	--undefined--
?	0.16	1e-07	4	143.69	1911.67	3008.77	4121.79	--undefined--
?	0.17	2e-05	5	136.66	1953.46	2897.55	4101.44	5227.74
?	0.18	0.0003	5	138.78	1954.05	2978.66	4057.87	5147.71
?	0.18	0.003	4	245.7	1767.46	3063.85	4051.23	--undefined--
?	0.19	0.01	4	378.89	1664.9	3051.74	3480.21	--undefined--
?	0.2	0.03	5	397.52	1654.22	2330.07	3060.75	4150.61
?	0.2	0.08	5	446.62	1640.6	2674.46	2749.73	4087.15
?	0.21	0.19	5	524.77	1622.53	2644.34	4125.76	4395.33
?	0.21	0.21	5	600.69	1597.33	2645.13	4004	4604.22
?	0.22	0.23	5	635.52	1565.66	2662.82	4037.77	4637.66
?	0.23	0.23	5	649.29	1530.27	2668.72	4052.07	4680.26
?	0.23	0.23	5	661.3	1507.23	2643.44	4030.43	4699.76
?	0.24	0.23	5	674.41	1481.56	2626.62	4002.63	4696.65
?	0.25	0.23	5	694.08	1448.31	2620.99	3997.13	4690.31
?	0.25	0.23	5	724.11	1412.14	2620.19	3983.85	4669.88
?	0.26	0.23	5	747.67	1381.17	2602.78	3920.43	4677.04
?	0.26	0.23	5	742.06	1341.44	2610.01	3927.07	4708.23
?	0.27	0.21	5	765.03	1283.8	2606.14	3881.91	4712.54
?	0.28	0.22	5	819.62	1223.63	2579.17	3869.02	4664.33
?	0.28	0.33	5	861.55	1216.02	2589.25	3900.96	4585.85
?	0.29	0.33	5	890.98	1209.76	2611.03	3858.83	4571.3
?	0.3	0.33	5	907.19	1196.45	2578.98	3807.21	4543.82
?	0.3	0.33	5	949.46	1207.98	2532.11	3823.65	4643.67
?	0.31	0.33	5	1003.27	1209.69	2497.75	3877.51	4667.18
?	0.31	0.33	5	988.84	1215.15	2383.87	3876.7	4636.79
?	0.32	0.33	5	950.24	1213.64	2362.3	3880.33	4658.41
?	0.33	0.33	5	927.69	1213.66	2321.02	3842.08	4653.16
?	0.33	0.32	5	839.2	1233.62	2278.73	3879.45	4606.38
?	0.34	0.26	5	818.35	1238.81	2273.39	3945.67	4568.4
?	0.35	0.26	5	807.52	1229.79	2225.62	4044.97	4565.43
?	0.35	0.23	5	815.15	1224.06	2198.64	4090.71	4547.33
?	0.36	0.23	5	824.44	1245.33	2192.63	4142.22	4501.51
?	0.36	0.11	5	810.62	1188.87	2124.95	4151.84	4485.3
?	0.37	0.09	5	766.18	1207.46	1675.85	4498.22	4512.19
?	0.38	0.03	5	547.21	913.77	1248.64	4488.75	4691.13
?	0.38	0.02	5	463.93	880.6	1198.94	3873.76	4873.48
?	0.39	0.006	5	508.95	707.37	903.31	3754.62	4864.26
?	0.4	0.0008	4	413.65	908.48	3341.03	4433.22	--undefined--
?	0.4	0.0002	5	229.07	908.43	2746.81	3800.69	4918.54
?	0.41	0.0002	4	226.01	2800.12	3407.58	4590.92	--undefined--
?	0.41	5e-06	4	226.18	2464.45	3145.71	4398.11	--undefined--
?	0.42	7e-07	5	228.77	1209.53	2674.56	3856.29	4857.3
?	0.43	7e-07	5	222.66	1381.58	2228.71	3488.14	4900.68
?	0.43	6e-07	5	210.4	1978.58	3193.28	3535.15	5035.55
?	0.44	2e-07	4	208.71	2279.33	3207.79	4376.77	--undefined--
?	0.45	1e-07	5	221.16	2000.79	3351.68	3736.55	4818.01
?	0.45	7e-06	4	213.23	2174.55	3193.19	4441.4	--undefined--
?	0.46	7e-06	5	216.28	2061.02	3070.34	3865.58	4882.39
?	0.46	7e-06	5	235.48	2232.79	3466.94	4454.77	4962.54
?	0.47	7e-06	4	2410.28	3682.17	4528.7	4986.68	--undefined--
?	0.48	0.0003	5	174.66	2390.58	3599.56	4531.28	4992.66
?	0.48	0.008	4	1498.99	2935.59	4298.39	4916.1	--undefined--
?	0.49	0.008	4	1393.48	1629.55	3483.64	4665.87	--undefined--
?	0.5	0.02	5	1208.89	1438.18	1644.17	3178.89	4410.39
?	0.5	0.02	5	1199.91	1454.64	1620.78	3117.71	4412.36
?	0.51	0.02	5	1458.22	1459.41	1549.48	2967.52	4450.58
?	0.51	0.02	5	1194.92	1522.28	1536.76	2949.56	4456.28
?	0.52	0.02	5	911.23	1531.93	1694.89	2952.16	4480.03
?	0.53	0.02	5	841.54	1550.44	1697.09	2955.03	4503.53
?	0.53	0.02	5	806.78	1574.24	1646.55	3126.98	4529.64
?	0.54	0.02	5	1354.44	1544.21	1703.28	3560.62	4585.61
?	0.55	0.01	5	1141.84	1516.91	1781	3515.01	4599.42
?	0.55	0.004	5	1005.25	1474.75	1554.29	3490.17	4574.83
?	0.56	0.004	4	1399.6	1593.35	3495.1	4484.71	--undefined--
?	0.56	0.004	4	1291.42	1681.49	2982.31	4474.53	--undefined--
?	0.57	0.004	4	1285.7	1659.67	2968.09	4515.16	--undefined--
?	0.58	0.004	4	1373.59	1653.33	3005.01	4502.97	--undefined--
?	0.58	0.004	4	1665.13	1681.09	3084.91	4547.82	--undefined--
?	0.59	0.004	4	1604.77	1658.74	3160.17	4589	--undefined--
