rowLabel	time(s)	intensity	nformants	F1(Hz)	F2(Hz)	F3(Hz)	F4(Hz)	F5(Hz)
?	0.03	1e-07	4	591.92	2694.65	2749.51	4317.03	--undefined--
?	0.03	4e-07	4	570.99	2595.49	3879.7	4926.86	--undefined--
?	0.04	7e-07	5	55.18	605.9	2587.9	4021.51	5146.93
?	0.04	1e-06	4	624.45	3041.11	4177.99	4584.82	--undefined--
?	0.05	2e-06	3	625.6	3129.29	4254.22	--undefined--	--undefined--
?	0.06	2e-06	3	619.49	2823.04	4172.94	--undefined--	--undefined--
?	0.06	2e-06	4	187.73	652.35	2768.26	4214.11	--undefined--
?	0.07	3e-06	4	205.62	766.57	2900.98	4206.48	--undefined--
?	0.08	3e-06	4	193.11	801.88	3004.76	4230.18	--undefined--
?	0.08	3e-06	4	182.88	837.08	2967.73	3914.43	--undefined--
?	0.09	3e-06	4	180.18	814.83	2908.99	4009.17	--undefined--
?	0.09	3e-06	5	174.64	649.41	2726.37	3923.07	4899.22
?	0.1	3e-06	5	159.04	644.29	2717.07	4018.14	5127.56
?	0.11	3e-06	4	157.1	665.3	2973.64	4330.85	--undefined--
?	0.11	3e-06	4	149.98	790.38	2864.54	4580.58	--undefined--
?	0.12	2e-06	5	142.36	824.61	2713.25	3906.09	5136.99
?	0.13	2e-06	4	138.08	794.79	2970.21	4153.66	--undefined--
?	0.13	2e-06	4	140.21	775.34	3002.32	4077.33	--undefined--
?	0.14	2e-06	4	128.63	727.83	2807.8	3925.39	--undefined--
?	0.14	1e-06	5	134.75	734.06	2619.47	3834.84	4867.83
?	0.15	1e-06	5	131.76	703.86	2605.5	3854.21	4929.3
?	0.16	5e-07	5	139.51	688.86	2595.73	3789.71	4909.85
?	0.16	5e-07	5	113.93	638.68	2562.45	3760.06	5040.15
?	0.17	5e-07	5	177.07	642.88	2618.07	3810.47	5074.56
?	0.18	4e-07	5	220.97	686.3	2699.81	3939.17	5007.72
?	0.18	4e-07	5	289.13	503.89	2712.98	3768.76	4898.88
?	0.19	4e-07	5	271.82	375.17	2684.8	3840.02	4976.23
?	0.19	4e-07	5	224.33	403.81	2608.22	3891.76	5017.04
?	0.2	4e-07	4	213.76	584.28	2873.88	4147.54	--undefined--
?	0.21	4e-07	4	429.01	2643.52	3410.83	4628.53	--undefined--
?	0.21	4e-07	4	344.51	2467.84	3370.16	4471.63	--undefined--
?	0.22	2e-07	4	417.05	2357.14	3159.25	4325.65	--undefined--
?	0.23	1e-07	4	317.18	2330.8	3128.81	4442.81	--undefined--
?	0.23	1e-07	4	194.27	2568.19	2931.59	4308.23	--undefined--
?	0.24	1e-07	4	185.74	2201	2980.73	4306.85	--undefined--
?	0.24	7e-08	4	186.59	2304.84	3334.27	4263.16	--undefined--
?	0.25	7e-08	4	167.79	2245.48	3659.51	4295.77	--undefined--
?	0.26	7e-08	5	165.45	2351.88	2419.82	3643.59	4614.69
?	0.26	2e-07	5	163.74	1843.89	2898.1	3865.02	4706.91
?	0.27	8e-06	5	169.95	1822.44	2934.2	3931.19	4853.89
?	0.28	0.0002	4	188.13	2307.85	3398.83	4295.1	--undefined--
?	0.28	0.003	4	388.1	2565.28	3114.19	4098.2	--undefined--
?	0.29	0.004	4	406.77	1827.99	3072.15	3746.18	--undefined--
?	0.29	0.01	5	402.05	1743.16	1768.21	3107.72	4258
?	0.3	0.03	5	417.72	1653.78	1858.34	3174.21	4014.74
?	0.31	0.03	5	459.94	1692.17	2133.46	2832.55	4069.23
?	0.31	0.08	5	538.87	1700.04	2666.49	3773.83	4273.52
?	0.32	0.26	5	597.4	1699.48	2661.9	3826.82	4572.91
?	0.33	0.26	5	615.69	1683.68	2653.3	3960.5	4630.11
?	0.33	0.27	5	637.47	1602.5	2656.34	4039.63	4640.12
?	0.34	0.27	5	644.39	1551.66	2668.59	4063.51	4676.46
?	0.34	0.27	5	646.38	1537.71	2665.24	4079.27	4690.35
?	0.35	0.27	5	648.17	1527.27	2640.85	4041.52	4706.65
?	0.36	0.27	5	651.3	1515.99	2624.15	4018.18	4706.78
?	0.36	0.27	5	652.1	1518	2614.36	4018.93	4702.86
?	0.37	0.27	5	658	1500.04	2608.29	4011.73	4698.07
?	0.38	0.27	5	671.32	1454.75	2599.27	3992.57	4618.85
?	0.38	0.23	5	692.19	1438.79	2601.53	4121.53	4249.96
?	0.39	0.17	5	694.15	1412.03	2591.36	3439.34	4628.31
?	0.39	0.17	5	702.53	1391.61	2600.49	3582.95	4664.92
?	0.4	0.12	5	710.24	1357.16	2606.86	3956.86	4616.8
?	0.41	0.17	5	716.81	1223.32	2599.7	3932.1	4706.29
?	0.41	0.17	5	737.28	1149.15	2587.87	3882.24	4543.43
?	0.42	0.17	5	784.35	1158.69	2559.27	3857.45	4002.82
?	0.43	0.21	5	817.62	1164.75	2574.15	3854.43	4122.01
?	0.43	0.36	5	847.96	1163.72	2601.33	3814.81	4330.59
?	0.44	0.38	5	853.6	1157.82	2654.58	3734.35	4364.64
?	0.44	0.38	5	879.38	1151.06	2563.41	3654.86	4281.39
?	0.45	0.38	5	923.83	1174.05	2538.23	3618.23	4619.18
?	0.46	0.38	5	957.76	1188.74	2551.8	3752.67	4680.59
?	0.46	0.38	5	994.36	1175.2	2498.37	3833.13	4661.19
?	0.47	0.38	5	1032.73	1157.1	2166.12	3815.9	4607.95
?	0.48	0.38	5	974.78	1170.92	2239.15	3873.61	4654.34
?	0.48	0.38	5	927.61	1192.79	2351.56	3830.53	4663.47
?	0.49	0.26	5	948.31	1199.27	2347.79	3717.91	4662.96
?	0.49	0.26	5	906.37	1224.96	2259.94	3711.84	4645.6
?	0.5	0.26	5	816.76	1237.6	2226.74	3831.8	4586.27
?	0.51	0.26	5	814.32	1233.03	2254.06	3964.41	4567.47
?	0.51	0.26	5	799.18	1254.93	2269.91	4033.57	4574.04
?	0.52	0.26	5	802.82	1246.32	2229.5	4074.17	4582.53
?	0.53	0.26	5	794.23	1221.93	2179.56	4113.07	4569.25
?	0.53	0.26	5	787.81	1270.31	2180.29	4177.75	4542.02
?	0.54	0.12	5	800.47	1262.15	2160.53	4279.31	4481.81
?	0.54	0.12	5	795.16	1201.44	1983.22	4368.72	4480.34
?	0.55	0.08	5	734.5	1184.74	1628.14	4390.17	4479.84
?	0.56	0.06	5	654.64	1189.25	1271.6	4292.57	4366.62
?	0.56	0.02	5	584.74	784.29	1225.63	4314.98	4375.61
?	0.57	0.006	5	508.91	785.84	1173.43	4064.18	4856.29
?	0.58	0.003	5	471.07	909.72	959.35	3591.36	5016.78
?	0.58	0.0006	5	454.76	916.36	926.9	3595.18	4890.39
?	0.59	0.0003	5	440.52	778	920.47	3919.15	5124.37
?	0.59	0.0003	3	315.08	1001.54	3835.54	--undefined--	--undefined--
?	0.6	0.0003	4	248.06	1136.83	3183.29	4408.46	--undefined--
?	0.61	0.0002	5	229.51	1025.89	2835.48	3314.69	4854.93
?	0.61	4e-06	5	227.39	796.88	2761.5	3694.21	4943.37
?	0.62	3e-06	4	236.68	2178.12	2967.51	4217.38	--undefined--
?	0.63	1e-06	4	248.7	773.42	2985.88	4230.89	--undefined--
?	0.63	1e-06	5	244.32	830.56	2831.43	4044.66	5175.64
?	0.64	9e-07	4	226.23	1127.52	2788.04	3900.69	--undefined--
?	0.64	7e-07	5	242.46	1348.83	2679.27	3738.71	4870.23
?	0.65	4e-07	5	274.97	820.62	2850.34	3712.01	4648.51
?	0.66	4e-07	5	252.59	648.67	2832.52	3615.9	4853.45
?	0.66	4e-07	5	248.5	633.04	2851.91	3780.77	4895.72
?	0.67	4e-07	4	499.22	2846.83	3674.79	4799.43	--undefined--
?	0.68	4e-07	4	271.34	2432.15	3396.5	4412.01	--undefined--
?	0.68	8e-06	4	249.5	2457.97	3451.96	4194.52	--undefined--
?	0.69	5e-05	4	263.29	2394.21	3467.94	4349.04	--undefined--
?	0.69	5e-05	4	319.35	2669.86	3749.18	4654.05	--undefined--
?	0.7	5e-05	5	471.19	2645.45	3390.93	4341.14	4795.19
?	0.71	5e-05	5	511.4	2560.1	3809.56	4513.14	4885.45
?	0.71	5e-05	5	469.66	2452.52	3830.43	4520.53	4895.89
?	0.72	5e-05	5	416.71	1647.35	2980.24	4479	4864.04
?	0.73	5e-05	4	479.97	2709.55	3702.7	4775.21	--undefined--
?	0.73	0.01	4	542.65	2483.34	3443.56	4735.42	--undefined--
?	0.74	0.01	4	1492.31	1861.37	3397.33	4458.67	--undefined--
?	0.74	0.01	5	1024.3	1439.61	1629.34	3222.14	4451.09
?	0.75	0.03	5	1071.2	1474.29	1612.52	3155.82	4449.02
?	0.76	0.03	5	1024.54	1491.16	1571.79	3107.78	4439.18
?	0.76	0.03	5	1253.82	1470.08	1529.91	2980.71	4447
?	0.77	0.03	5	1472.01	1597.04	1851.83	2956.33	4453.55
?	0.78	0.03	5	1115.77	1513.7	1690.29	2948.51	4452.81
?	0.78	0.03	5	839	1525.2	1896.43	2965.36	4487.65
?	0.79	0.03	5	812.14	1527.31	1783.74	2981.59	4512.94
?	0.79	0.03	5	883.65	1516.05	1726.31	2937.43	4418.85
?	0.8	0.02	5	841.15	1553.49	1676.22	3245.35	4529.99
?	0.81	0.01	5	1324.27	1540.48	1653.66	3573.03	4577.74
?	0.81	0.001	5	1494.1	1625.14	1630.97	3763.84	4602.78
?	0.82	0.0009	5	1237.74	1510.06	1791.19	3698.94	4612.77
?	0.83	0.0009	5	1260.71	1322.84	1501.8	3226.8	4600.69
?	0.83	0.0009	4	1293.99	1492.2	3236.5	4550.43	--undefined--
?	0.84	0.003	5	913.08	1491.99	1976.43	3913.9	4520.78
?	0.84	0.003	4	1168.84	1711.73	3380.87	4419.28	--undefined--
?	0.85	0.003	4	1141.07	1727.41	2968.01	4493.51	--undefined--
?	0.86	0.003	4	1190.56	1666.8	2965.23	4522.69	--undefined--
?	0.86	0.003	4	1363.82	1642.82	3013.86	4483.97	--undefined--
?	0.87	0.003	4	1577	1648.51	3075.73	4494.64	--undefined--
?	0.88	0.003	4	1452.37	1691.37	3143.9	4483.09	--undefined--
?	0.88	0.003	5	114.09	1670.14	1677.42	3619.83	4579.76
?	0.89	0.001	4	1581.08	1863.4	3744.09	4635.08	--undefined--
?	0.89	0.001	4	1548.15	1752.95	3247.65	4589.47	--undefined--
?	0.9	0.0004	4	1603.23	1653.78	3169.16	4536.93	--undefined--
