rowLabel	time(s)	intensity	nformants	F1(Hz)	F2(Hz)	F3(Hz)	F4(Hz)	F5(Hz)
?	0.03	9e-07	5	141.32	767.38	2732.52	3891.44	4962.28
?	0.03	1e-06	4	657.35	3263.85	3665.1	4636.69	--undefined--
?	0.04	1e-06	5	160.78	714.38	2845.83	4223.28	4863.91
?	0.05	2e-06	4	185.69	915.86	2835.15	4227.43	--undefined--
?	0.05	2e-06	4	176.19	898.23	2824.25	4316.24	--undefined--
?	0.06	2e-06	4	166.85	812.43	2819.84	4192.62	--undefined--
?	0.06	2e-06	4	163.17	724.61	2801.53	4112.78	--undefined--
?	0.07	2e-06	5	155.04	713.51	2690.17	4035.83	5176.85
?	0.08	2e-06	4	145.54	838.09	2883.49	4330.99	--undefined--
?	0.08	2e-06	4	139.64	840.79	2769.8	4105.39	--undefined--
?	0.09	2e-06	5	140.35	895.23	2711.47	3869.89	5218.76
?	0.1	1e-06	4	136.76	1270.45	2951.97	3852.83	--undefined--
?	0.1	1e-06	4	142.49	1996.15	3270.8	3969.45	--undefined--
?	0.11	7e-07	3	159.39	3019.86	3845.2	--undefined--	--undefined--
?	0.11	3e-07	4	182.95	2263.25	3284.78	4278.13	--undefined--
?	0.12	3e-07	4	191.33	2094.78	3244.07	4306.04	--undefined--
?	0.13	3e-07	4	173.83	1988.6	3385.35	4425.35	--undefined--
?	0.13	3e-07	4	159.18	2053.05	3276.77	4319.58	--undefined--
?	0.14	3e-07	4	148.35	2014.71	3000.95	4212.81	--undefined--
?	0.15	3e-07	4	150.03	2223.04	3380.12	4265.72	--undefined--
?	0.15	3e-07	4	147.68	2073.15	3458.32	4223.15	--undefined--
?	0.16	9e-08	4	144.97	2055.55	3271.5	4128.86	--undefined--
?	0.16	9e-08	4	143.5	2001.55	2981.41	3951.12	--undefined--
?	0.17	3e-05	5	136.78	2005.46	2715.14	3935.25	5096.11
?	0.18	0.0003	5	139.06	2016.1	3172.01	4156.09	5230.68
?	0.18	0.003	4	256.71	1697.83	3064.14	3986.07	--undefined--
?	0.19	0.01	4	388.62	1652.5	3047.53	3472.43	--undefined--
?	0.2	0.02	5	411.47	1578.86	2232.37	3052.65	4049.19
?	0.2	0.07	5	464.39	1507.76	2441.16	2710.83	4079.07
?	0.21	0.2	5	521.59	1476.38	2648.31	4133.6	4522.99
?	0.21	0.25	5	604.99	1442.91	2647.37	4028.17	4603.1
?	0.22	0.28	5	649.5	1374.42	2662.33	4049.13	4629.68
?	0.23	0.28	5	661.28	1334.54	2665.78	4055.47	4675.05
?	0.23	0.28	5	669.88	1307.32	2640.03	4031.34	4696.67
?	0.24	0.28	5	680.66	1280.25	2624.9	4004.06	4696.1
?	0.25	0.28	5	699.98	1268.19	2620.17	3999.43	4691.02
?	0.25	0.28	5	724.93	1260.37	2619.27	3987.52	4671.68
?	0.26	0.28	5	748.04	1256.18	2602.21	3926.99	4677.28
?	0.26	0.28	5	742.6	1250.94	2608.38	3931.56	4705.89
?	0.27	0.2	5	756.71	1206.4	2605.07	3881.82	4712.99
?	0.28	0.24	5	812.79	1185.7	2576.35	3869.41	4662.1
?	0.28	0.34	5	864.13	1195.32	2585.39	3903.88	4579.98
?	0.29	0.34	5	901.4	1194.93	2605.49	3861	4564.63
?	0.3	0.34	5	922.87	1191.84	2571.17	3808.67	4539.45
?	0.3	0.34	5	963.03	1211.33	2528.74	3823.92	4641.51
?	0.31	0.34	5	1009.18	1215.79	2496.56	3877.33	4666.14
?	0.31	0.34	5	990.22	1219.65	2386.99	3876.34	4635.79
?	0.32	0.34	5	956.08	1217.25	2366.18	3880.14	4657.87
?	0.33	0.34	5	938.37	1214.96	2324.15	3841.92	4652.76
?	0.33	0.32	5	843.42	1234.15	2281.31	3878.16	4605.7
?	0.34	0.26	5	820.36	1239.38	2275.36	3944.15	4567.94
?	0.35	0.26	5	808.19	1230.41	2226.46	4044.02	4565.1
?	0.35	0.22	5	815.51	1225.26	2198.64	4090.15	4547.18
?	0.36	0.22	5	825.76	1249.2	2192.22	4141.39	4501.31
?	0.36	0.11	5	809.01	1193.68	2122.06	4148.82	4485
?	0.37	0.09	5	749.5	1207.84	1716.07	4462.64	4498.03
?	0.38	0.03	5	545.8	922.21	1249.08	4488.1	4704.35
?	0.38	0.02	4	461.11	881.47	1199.44	3919.24	--undefined--
?	0.39	0.005	4	563.1	904.04	3731.14	5078.16	--undefined--
?	0.4	0.0007	4	402.84	907.84	3064.97	4298.66	--undefined--
?	0.4	0.0002	5	228.93	916.64	2687.99	3839.94	5044.61
?	0.41	0.0002	4	225.47	2220.97	3462.83	4255.42	--undefined--
?	0.41	4e-06	4	226.52	2394.92	3141.89	4252.93	--undefined--
?	0.42	8e-07	5	228.65	1425.53	2606.83	4035.4	4941.17
?	0.43	8e-07	5	221.45	1668.91	2895.17	3858.17	5325.85
?	0.43	6e-07	4	210.31	2072.08	3206.03	3953.28	--undefined--
?	0.44	2e-07	4	209.06	2252.9	3425.3	4327.76	--undefined--
?	0.45	1e-07	5	221.16	1739.58	2781.32	3760.28	5068.36
?	0.45	6e-06	5	213.34	2526.28	2570.44	3622.91	4816.77
?	0.46	6e-06	5	216.4	2199.26	3271.98	3695.67	4837.85
?	0.46	6e-06	5	235.31	2207.51	3542.71	4458.76	4964.04
?	0.47	6e-06	5	73.57	2340.14	3711.52	4527.36	4983.99
?	0.48	0.0003	5	180.24	2269.23	3644.99	4528.38	4988.24
?	0.48	0.007	4	1498.4	3022.34	4326.01	4908.82	--undefined--
?	0.49	0.007	4	1396.42	1632.4	3488.09	4756.75	--undefined--
?	0.5	0.02	5	1204.02	1438.4	1643.97	3187.02	4413.65
?	0.5	0.02	5	1189.16	1454.19	1620.54	3120.85	4411.97
?	0.51	0.02	5	1400.22	1467.97	1548.26	2967.29	4450.64
?	0.51	0.02	5	1177.18	1524.16	1536.6	2949.69	4456.36
?	0.52	0.02	5	907.51	1531.84	1692.41	2952.13	4479.3
?	0.53	0.02	5	837.31	1550.21	1696.66	2954.98	4503.28
?	0.53	0.02	5	804.78	1574.24	1647.62	3125.6	4528.63
?	0.54	0.02	5	1360.47	1544.37	1701.63	3557.27	4585.19
?	0.55	0.01	5	1155.24	1518.24	1784.92	3513.93	4598.71
?	0.55	0.004	5	1051.91	1455.59	1557.33	3480.1	4574.67
?	0.56	0.004	4	1400.47	1593.23	3505.43	4485.25	--undefined--
?	0.56	0.004	4	1288.95	1680.84	2981.38	4475.23	--undefined--
?	0.57	0.004	4	1282.65	1659.44	2967.54	4515.56	--undefined--
?	0.58	0.004	4	1365.55	1653.16	3005.38	4503.37	--undefined--
?	0.58	0.004	4	1666.33	1666.93	3083.82	4549.2	--undefined--
?	0.59	0.004	4	1610.78	1658.24	3161.35	4587.64	--undefined--
