rowLabel	time(s)	intensity	nformants	F1(Hz)	F2(Hz)	F3(Hz)	F4(Hz)	F5(Hz)
?	0.03	3e-06	5	246.5	1255.74	2672.22	3826.03	4668.02
?	0.03	8e-06	5	235.02	976.32	2520.17	3758.5	4685.02
?	0.04	8e-06	5	242.25	963.32	2519.61	3642.87	4664.29
?	0.04	2e-05	5	197.4	863.85	3114.24	4341.38	4510.95
?	0.05	3e-05	4	170.17	909.72	2973.94	4314.22	--undefined--
?	0.06	3e-05	5	169.94	823.86	2420.34	3055.78	4501.78
?	0.06	3e-05	5	178.02	887.49	2761.46	2958.89	4339.92
?	0.07	4e-05	4	184.41	1156.73	2756.69	4097.68	--undefined--
?	0.08	4e-05	4	172.3	1061.27	2788.78	4124.9	--undefined--
?	0.08	4e-05	4	162.19	1032.33	2741.9	3989.13	--undefined--
?	0.09	4e-05	4	157.6	953.72	2672.8	4031.18	--undefined--
?	0.09	5e-05	4	155.19	819.58	2634.36	4064.97	--undefined--
?	0.1	5e-05	5	151.44	701.26	2620.45	3730.37	4150.14
?	0.11	5e-05	5	150.75	708.33	2622.6	3672.8	4299.25
?	0.11	5e-05	5	144.88	894.41	2822.36	2970.53	4479.87
?	0.12	5e-05	5	139.76	886.73	2696.59	3610.02	4410.06
?	0.13	5e-05	5	136.49	877.12	2765.83	3815.19	4196.7
?	0.13	5e-05	5	140.13	738.85	2463.26	3600.78	4496.18
?	0.14	5e-05	5	134.34	917.18	2419.82	3611.7	4532.43
?	0.14	3e-05	5	139.05	871.39	2443.73	3572.83	4447.93
?	0.15	2e-05	5	145.12	914.8	2381.7	3488.87	4439.37
?	0.16	1e-05	5	160.73	805.77	2495.71	3390.27	4337.23
?	0.16	1e-05	5	167.97	1026.28	2605.61	3597.45	4365.89
?	0.17	1e-05	5	179.89	1043.24	2536.43	3493.4	4483.2
?	0.18	1e-05	5	204.92	1051.87	2373.55	3546.39	4488.87
?	0.18	1e-05	5	235.69	1075.5	2382.41	3646.26	4581.64
?	0.19	1e-05	5	222.55	1078.25	2434.14	3591.07	4614.86
?	0.19	1e-05	4	204.16	2232.84	2936.28	4252.53	--undefined--
?	0.2	1e-05	4	197.77	1962.96	3080.57	4322.17	--undefined--
?	0.21	1e-05	5	173.16	1659.77	2387.13	3161	4343.47
?	0.21	1e-05	5	189.58	849.57	2392.7	3382.35	4393.56
?	0.22	6e-06	4	186.03	2361.37	3161.18	4311.29	--undefined--
?	0.23	3e-06	4	187.93	2224.28	3215.78	4248.05	--undefined--
?	0.23	3e-06	5	181.77	1004.99	2377.03	3761.7	4187.58
?	0.24	3e-06	5	183.13	1498.03	2577.88	3580.63	4409.47
?	0.24	1e-06	5	185.42	1523.57	2643.97	3385.81	4446.53
?	0.25	1e-06	5	167.06	2029.49	2379.35	3229.85	4466.2
?	0.26	2e-06	4	170.82	2277.19	3238.69	4267.47	--undefined--
?	0.26	4e-06	4	168.31	2353.05	3329.08	4417.86	--undefined--
?	0.27	0.001	5	179.49	1929.8	2488.06	3354.13	4494.63
?	0.28	0.003	5	206.33	1437.83	2878.48	3555.1	4535.86
?	0.28	0.005	5	209.87	1699.96	2961	3444.26	4622.21
?	0.29	0.005	5	327.91	1659.12	2987.13	3542.86	4601.91
?	0.29	0.01	5	377.92	1546.12	2945.01	3561.32	4548.69
?	0.3	0.02	5	420.31	1513.19	2726.69	3645.66	4467.34
?	0.31	0.02	5	453.11	1525.81	2705.79	3724.9	4284.54
?	0.31	0.04	5	494.31	1525.72	2664.38	3895.13	4472.2
?	0.32	0.16	5	548.84	1509.85	2653.63	3967.89	4599.07
?	0.33	0.16	5	565.16	1493.76	2646.35	3998.25	4636.84
?	0.33	0.18	5	598.28	1465.99	2672.26	4052.84	4608.99
?	0.34	0.18	5	619.65	1426.16	2695.15	4103.22	4628.99
?	0.34	0.18	5	618.71	1404.09	2673.67	4084.24	4671.6
?	0.35	0.18	5	617.24	1379.51	2641.51	4028.81	4667.13
?	0.36	0.18	5	623.46	1358.65	2629.38	3996.49	4691.02
?	0.36	0.18	5	633.97	1359.6	2630.39	4005.64	4682.67
?	0.37	0.18	5	634.56	1337.13	2623.89	3989	4692.31
?	0.38	0.18	5	642.57	1299.13	2616.73	3923.21	4656.55
?	0.38	0.17	5	665.08	1286.72	2577.99	3805.58	4664.23
?	0.39	0.16	5	669.01	1278.38	2587.16	3816.22	4672.54
?	0.39	0.16	5	668.5	1276.1	2618.06	3903.46	4702.92
?	0.4	0.12	5	666.14	1265.68	2595.64	3878.05	4704.86
?	0.41	0.16	5	671.45	1239.33	2587.54	3874.69	4710.44
?	0.41	0.16	5	692.96	1195.31	2553.64	3856.87	4665.88
?	0.42	0.16	5	722.43	1183.98	2539.56	3893.12	4617.84
?	0.43	0.16	5	754.44	1174.8	2566.5	3915.96	4647.19
?	0.43	0.23	5	776.1	1147.36	2582	3875.02	4652.47
?	0.44	0.23	5	762.89	1135.95	2598.96	3848.28	4648.57
?	0.44	0.23	5	742.64	1125.14	2518.05	3833.52	4639.69
?	0.45	0.23	5	789.68	1138.86	2503.75	3851.16	4624.97
?	0.46	0.23	5	795.85	1141.61	2510.92	3876.91	4661.51
?	0.46	0.23	5	781.09	1120.88	2457.42	3888.21	4653.06
?	0.47	0.23	5	795.36	1102.29	2349.4	3859.36	4588.71
?	0.48	0.23	5	806.64	1105.64	2363.04	3904.05	4633.86
?	0.48	0.22	5	767.75	1149.97	2402.52	3909.24	4658.79
?	0.49	0.17	5	752	1165.03	2393.35	3871.92	4656.52
?	0.49	0.17	5	744.15	1186.18	2322.52	3896.23	4637.56
?	0.5	0.17	5	701.52	1213.56	2316.33	3911.41	4599.76
?	0.51	0.17	5	701.66	1203.22	2328.14	3911.51	4588.41
?	0.51	0.15	5	709.18	1210.94	2332.47	3978.39	4571.86
?	0.52	0.14	5	720.56	1181.85	2295.33	4007.25	4566.59
?	0.53	0.14	5	687.12	1138.14	2229.82	4010.1	4547.38
?	0.53	0.14	5	673.63	1145.4	2218.61	4029.64	4523.83
?	0.54	0.08	5	651.51	1129.11	2216.18	4035.93	4478.75
?	0.54	0.08	5	609.54	1122.43	2175.18	3933.91	4477.62
?	0.55	0.05	5	608.09	1133.36	2014.51	4103.45	4433.28
?	0.56	0.03	5	630.62	1157	2244.01	4277.44	4346.95
?	0.56	0.02	5	594.69	1148.59	2313.53	4230.97	4354.91
?	0.57	0.006	5	588.54	1057.58	2316.87	3853.51	4478.14
?	0.58	0.003	5	586.53	1047.33	2263.2	3868.04	4378.02
?	0.58	0.002	5	567.33	1018.09	2269.5	4297.07	4342.77
?	0.59	0.002	5	467.69	1070.71	2263.45	4238.08	4857.16
?	0.59	0.002	5	404.51	1128.6	2275.72	4153.53	4554.36
?	0.6	0.002	5	415.94	1095.41	2263.89	4289.18	4904.74
?	0.61	0.0006	5	329.5	1057.29	2114.34	3636.95	4426.59
?	0.61	0.0006	5	316.96	1092.59	2075.21	3525.49	4547.16
?	0.62	0.0005	5	316.85	1126.41	2010.76	3707.01	4655.74
?	0.63	0.0003	5	412.32	1088.23	1818.01	3776.08	4540.39
?	0.63	0.0002	4	672.94	1102.52	2868.46	4327.65	--undefined--
?	0.64	0.0001	5	381.75	1028.79	2202.45	3281.45	4371.91
?	0.64	9e-05	5	431.41	1104.5	2361.12	3326.46	4356.15
?	0.65	9e-05	5	401.61	1113.37	2527.98	3073	4421.45
?	0.66	4e-05	5	413.82	1061.43	2335.16	2937.43	4527.38
?	0.66	3e-05	5	370.93	951.44	2770.51	3118.97	4748.48
?	0.67	3e-05	5	325.37	965.77	2745.15	3631.72	4729.21
?	0.68	3e-05	5	247.16	959.02	2683.83	3549.71	4593.71
?	0.68	3e-05	5	257.14	931.27	2680.08	3698.11	4453.82
?	0.69	0.0002	5	318.21	1061.25	2780.33	3718.38	4536.77
?	0.69	0.0002	5	307.49	1243.53	3023.41	3827.12	4462.36
?	0.7	0.0002	4	1137.5	2987.42	3982.77	4743.55	--undefined--
?	0.71	0.0002	5	507.94	1692.84	2873.2	4142.85	4770.88
?	0.71	0.0002	5	347.58	2056.58	3287.44	4227.07	4786.44
?	0.72	0.0002	4	1148.81	2880.77	4141.73	4763.44	--undefined--
?	0.73	0.0002	4	1147.33	2685.11	3727.37	4691.14	--undefined--
?	0.73	0.004	5	782.23	1298.22	2501.81	3564.11	4674.2
?	0.74	0.004	5	663.46	1435.84	2404.95	3486.26	4506.8
?	0.74	0.004	5	1240.36	1261.89	1510.58	3166.35	4469.22
?	0.75	0.009	4	1304.24	1524.49	3066.33	4457.86	--undefined--
?	0.76	0.009	4	1325.05	1520.26	3052.76	4452.33	--undefined--
?	0.76	0.009	4	1322.37	1523.04	3060.22	4444.37	--undefined--
?	0.77	0.009	4	1492.01	1525.85	3008.59	4439.92	--undefined--
?	0.78	0.009	4	1250.28	1523.08	2967.17	4444.9	--undefined--
?	0.78	0.009	5	716.75	1527.93	2504.14	2953.33	4491.71
?	0.79	0.009	5	779.98	1533.8	2312.75	2982.34	4527
?	0.79	0.009	5	1007.27	1538.87	2461.79	3357.35	4463.81
?	0.8	0.007	4	1443.49	1573.61	3053.98	4473.77	--undefined--
?	0.81	0.004	5	706.27	1435.03	1569.55	3173.17	4537.28
?	0.81	0.0006	4	1526.71	1619.56	3247.92	4565.13	--undefined--
?	0.82	0.0006	5	1338.48	1545.68	2119.87	3263.72	4580.41
?	0.83	0.0006	5	952.52	1518.34	2590.28	3040.31	4559.59
?	0.83	0.001	5	779.55	1542	2764.83	3204.12	4551.03
?	0.84	0.002	5	850.27	1561.4	2729.78	3822.61	4521.34
?	0.84	0.002	5	923.14	1569.78	2859.88	3856.74	4433.3
?	0.85	0.002	4	992.41	1643.23	2992.98	4436.93	--undefined--
?	0.86	0.002	4	991.91	1640.15	2957.77	4481.29	--undefined--
?	0.86	0.002	5	1029.29	1633.04	2980.51	4448.52	4840.64
?	0.87	0.002	5	965.85	1654.63	2893.91	4140.47	4513.77
?	0.88	0.002	5	948.69	1668.86	3024.66	4072.51	4467.33
?	0.88	0.002	5	757.84	1637.11	3019.2	3631.39	4554.92
?	0.89	0.0005	5	699.47	1607.33	2635.73	3739.27	4615.27
?	0.89	0.0004	4	1569.84	2249.14	3247.08	4562.56	--undefined--
?	0.9	0.0004	5	839.51	1638.76	2881.18	3681.38	4545.48
