rowLabel	time(s)	intensity	nformants	F1(Hz)	F2(Hz)	F3(Hz)	F4(Hz)	F5(Hz)
?	0.03	3e-06	5	247.11	1281.59	2722.7	3686.1	4672.24
?	0.03	8e-06	5	235.95	1008.03	2574.63	3649.17	4635.56
?	0.04	8e-06	5	243.31	987.17	2591.89	3522.29	4638.54
?	0.04	2e-05	5	196	842.14	3075.18	3899.21	4489.05
?	0.05	3e-05	4	172.79	936.13	3016.91	4406.64	--undefined--
?	0.06	3e-05	4	170.78	902.77	2774.13	4258.94	--undefined--
?	0.06	3e-05	4	179.56	968.39	2730.93	4124.47	--undefined--
?	0.07	4e-05	4	184.77	1152.39	2699.96	3802.79	--undefined--
?	0.08	4e-05	4	172.98	1082.15	2752.68	3834.3	--undefined--
?	0.08	4e-05	4	161.91	1015.81	2774.93	4036.77	--undefined--
?	0.09	4e-05	4	157.85	952.46	2733.49	4174.85	--undefined--
?	0.09	5e-05	5	155.7	803.57	2678.18	3172.21	4229.05
?	0.1	5e-05	5	151.84	675.54	2354.33	3504.39	4373.64
?	0.11	5e-05	5	149.56	681.22	2340.95	3638.58	4423.6
?	0.11	5e-05	5	144.56	867.53	2795.85	2880.22	4481.36
?	0.12	5e-05	5	140.24	882.2	2649.93	3429.01	4438.82
?	0.13	5e-05	5	137.56	855.98	2610.18	3687.76	4467.28
?	0.13	5e-05	5	140.33	695.16	2489.51	3563.77	4462.81
?	0.14	5e-05	5	134.31	916.63	2433.53	3468.89	4457.17
?	0.14	3e-05	5	137.96	945.69	2454.66	3504.91	4466.18
?	0.15	2e-05	5	143.4	982.09	2365.57	3499.37	4463.8
?	0.16	1e-05	5	160.52	817.77	2434.65	3383.69	4508.9
?	0.16	1e-05	5	167.97	971.43	2565.3	3519.77	4468.2
?	0.17	1e-05	5	180.8	986.28	2490.31	3484.06	4544.53
?	0.18	1e-05	5	206.53	980.98	2342.57	3513.72	4506.01
?	0.18	1e-05	5	232.96	1058.68	2392.83	3694.63	4444.72
?	0.19	1e-05	5	222.05	999.93	2413.36	3714.82	4612.34
?	0.19	1e-05	4	204.33	2223.94	2765.27	3963.64	--undefined--
?	0.2	1e-05	4	197.23	1954.48	3072.92	4189.94	--undefined--
?	0.21	1e-05	5	172.72	1278.21	2334.82	3609.01	4407.36
?	0.21	1e-05	4	190.43	2226.31	3436.48	4232.78	--undefined--
?	0.22	6e-06	4	186.69	2194.65	3191.41	4202.92	--undefined--
?	0.23	2e-06	4	186.81	2092.64	3118.79	4133.86	--undefined--
?	0.23	2e-06	4	179.72	2259.52	3449.85	4068.87	--undefined--
?	0.24	2e-06	5	184.04	1709.34	2691.9	3559.02	4386.18
?	0.24	1e-06	5	185.35	1734.57	3015.09	3544.98	4629.17
?	0.25	1e-06	5	164.14	1770.57	2448.5	3190.81	4526.87
?	0.26	1e-06	5	173.78	2204.27	2281.17	3282.71	4422.89
?	0.26	3e-06	5	169.01	1911.45	2375.97	3385.18	4458.94
?	0.27	0.0009	5	178.44	1905.36	2845.61	3230.88	4483.26
?	0.28	0.004	5	206.98	1443.91	2919.1	3375.61	4624.9
?	0.28	0.02	5	209.6	1697.22	2976.16	3429.02	4619.68
?	0.29	0.02	5	340.01	1620.44	3013.81	3479.86	4585.61
?	0.29	0.02	5	397.44	1399.05	2976.01	3443.08	4539.69
?	0.3	0.04	5	432.64	1175.81	2712.85	3601.06	4489.95
?	0.31	0.04	5	449.73	1130.32	2675.5	3687.61	4301.28
?	0.31	0.13	5	481.66	1098.48	2661.4	3930.52	4433.51
?	0.32	0.2	5	541.96	1092.54	2670.22	3992.99	4582.42
?	0.33	0.21	5	567.32	1097.86	2663.62	4008.86	4634.87
?	0.33	0.21	5	593.3	1095.97	2670.49	4043.5	4619.27
?	0.34	0.21	5	615.54	1106.87	2696.36	4096.99	4630.85
?	0.34	0.21	5	617.65	1108.47	2683.05	4095.04	4672.99
?	0.35	0.21	5	623.08	1104.6	2666.54	4075.83	4654.7
?	0.36	0.21	5	618.54	1091.34	2620.17	3994.78	4655.64
?	0.36	0.21	5	623.75	1098.54	2617.3	3993.68	4683.17
?	0.37	0.21	5	630.09	1102.4	2634.14	3993.09	4659.26
?	0.38	0.21	5	636.02	1097.85	2627.71	3931.21	4640.39
?	0.38	0.21	5	655.24	1113.47	2585.31	3817.41	4671.09
?	0.39	0.18	5	663.65	1106.72	2596.5	3845.61	4695.18
?	0.39	0.18	5	669.48	1083.24	2609.93	3890.48	4687.03
?	0.4	0.18	5	669.32	1098.38	2598.82	3890.31	4712.33
?	0.41	0.18	5	668.81	1098.51	2584	3867.12	4699.97
?	0.41	0.18	5	684.66	1097.67	2561.56	3866.2	4691.59
?	0.42	0.18	5	718.11	1101.85	2543.59	3894.49	4621.75
?	0.43	0.17	5	748.09	1108.09	2578.22	3920.02	4609.21
?	0.43	0.22	5	776.15	1094.66	2602.09	3899.02	4651.69
?	0.44	0.22	5	757	1097.21	2609.63	3848.28	4636.6
?	0.44	0.22	5	735.02	1107.94	2528.78	3819.67	4615.19
?	0.45	0.22	5	787.58	1125.37	2492.03	3834.9	4627.37
?	0.46	0.22	5	798.63	1137.25	2504.83	3869.09	4664.41
?	0.46	0.22	5	778.93	1124	2464.76	3890.72	4660.13
?	0.47	0.22	5	785.73	1113	2365.81	3872.69	4609.6
?	0.48	0.22	5	808.73	1102.47	2352.59	3884.06	4616.45
?	0.48	0.21	5	769.27	1147.15	2395.21	3896.71	4648.03
?	0.49	0.16	5	750.92	1164.3	2395.98	3870.9	4654.74
?	0.49	0.16	5	746.29	1184.47	2329.23	3894.26	4643.04
?	0.5	0.16	5	702.43	1212.99	2321.32	3911.69	4604.38
?	0.51	0.16	5	702.17	1203.07	2326.55	3909.71	4583.46
?	0.51	0.14	5	709.94	1213.7	2340.02	3971.15	4565.06
?	0.52	0.13	5	721.36	1184.52	2288.79	4009.81	4558.46
?	0.53	0.13	5	689.88	1136.17	2211.07	4008.66	4551.44
?	0.53	0.13	5	673.73	1142.33	2212.19	4024.73	4533.73
?	0.54	0.08	5	653.73	1133.62	2232.92	3997.07	4489.82
?	0.54	0.08	5	609.52	1122.74	2180.55	3912.36	4492.62
?	0.55	0.04	5	600.73	1138.86	2034.87	4080.7	4419.91
?	0.56	0.03	5	582.24	1159.27	2246.65	4171.85	4343.19
?	0.56	0.02	5	567.31	1117.14	2314.46	3963.15	4385.87
?	0.57	0.006	5	534.84	1066.8	2297.94	3956.96	4381.51
?	0.58	0.002	5	558.3	1048.13	2224.96	3952.92	4314.28
?	0.58	0.002	4	584.91	1013.09	2275.1	4288.22	--undefined--
?	0.59	0.002	4	492.63	1078.86	2290.72	4248.34	--undefined--
?	0.59	0.002	5	406.53	1137.53	2295.31	4168.5	4490.72
?	0.6	0.002	5	418.69	1105.23	2283.61	4266.97	4978.86
?	0.61	0.0007	5	335.12	1060.68	2238.77	3800.07	4355.75
?	0.61	0.0007	5	318.01	1095.86	2126.18	3500.02	4519.72
?	0.62	0.0005	5	314.59	1140.7	1997.67	3705.41	4645.57
?	0.63	0.0003	5	397.55	1090.2	1849.82	3801.48	4565.79
?	0.63	0.0002	4	573.27	945.4	2857.59	4257.47	--undefined--
?	0.64	0.0001	5	407.53	863.57	2329.72	3490.2	4158.71
?	0.64	9e-05	5	431.66	1074.77	2346.27	3352.51	4341.84
?	0.65	9e-05	5	390.48	1107.49	2484.89	3087.33	4429.02
?	0.66	5e-05	5	412.62	1059.55	2313.53	2963.78	4512.62
?	0.66	3e-05	5	370.95	953.58	2511.91	3352.68	4731.22
?	0.67	3e-05	5	324.01	964.2	2701.06	3655.11	4688.19
?	0.68	3e-05	5	243.02	956.92	2662.22	3563.88	4586.42
?	0.68	3e-05	5	264.69	931.35	2648.99	3724.73	4482.69
?	0.69	0.0002	5	315.75	1065.59	2714.86	3688.84	4551.23
?	0.69	0.0002	5	309.55	1245.46	3047.5	3820.84	4452.14
?	0.7	0.0002	4	1133.38	2996.83	3999.67	4740.88	--undefined--
?	0.71	0.0002	4	1079.13	2796.15	4171.89	4773.39	--undefined--
?	0.71	0.0002	5	329.96	2122.32	3187.2	4229.13	4785.79
?	0.72	0.0002	4	1360.59	2849.61	4052.18	4745.98	--undefined--
?	0.73	0.0002	4	1455.67	2618.44	3706.82	4560.55	--undefined--
?	0.73	0.003	5	579.39	1365.12	2414.09	3489.54	4498.76
?	0.74	0.003	5	594.13	1369.59	2351.44	3471.07	4455.26
?	0.74	0.003	5	1141.66	1508.5	1698.35	3226.28	4458.85
?	0.75	0.01	4	1304.93	1523.38	3067.38	4458.65	--undefined--
?	0.76	0.01	4	1334.65	1515.73	3051.76	4452.16	--undefined--
?	0.76	0.01	5	763.66	1515.08	1587.13	3117.34	4448.66
?	0.77	0.01	4	1527.15	1833.2	3203.35	4523.72	--undefined--
?	0.78	0.01	5	285.14	1533.18	1845.08	3121.63	4502.91
?	0.78	0.01	5	712.68	1530.99	2384.39	2977.28	4507.2
?	0.79	0.01	5	776.73	1528.44	2297.17	2980.61	4519.67
?	0.79	0.01	5	1016.96	1540.31	2460.31	3299.34	4466.35
?	0.8	0.007	4	1448.33	1573.74	3056.26	4472.09	--undefined--
?	0.81	0.003	5	428.52	1442	1568.96	3178.05	4537.82
?	0.81	0.0005	4	1525.12	1622.06	3251.35	4565.39	--undefined--
?	0.82	0.0005	5	1333.02	1545.94	2135.49	3255.7	4580.73
?	0.83	0.0005	5	947.48	1518.12	2594.03	3037.35	4559.75
?	0.83	0.0009	5	779.48	1542.82	2749.63	3231.03	4551.36
?	0.84	0.002	5	850.91	1561.5	2732.51	3829.43	4520.06
?	0.84	0.002	5	924.14	1570.44	2861.91	3850.57	4431.72
?	0.85	0.002	4	994.21	1644.04	2991.62	4438.1	--undefined--
?	0.86	0.002	4	991.41	1639.4	2957.95	4480.63	--undefined--
?	0.86	0.002	5	1031.46	1633.34	2980.79	4447.58	4786.54
?	0.87	0.002	5	964.8	1654.96	2891	4133.76	4515.76
?	0.88	0.002	5	948.54	1668.6	3028.29	4076.44	4466.07
?	0.88	0.002	5	753.65	1636.18	3005.53	3638.26	4558.55
?	0.89	0.0004	5	699.78	1605.92	2631.98	3735.22	4615.78
?	0.89	0.0004	4	1570.12	2238.84	3243.82	4562.23	--undefined--
?	0.9	0.0003	5	838.67	1639.4	2882.18	3686.07	4546.04
